$ 1 0.000005 32.755850052045055 56 5 43 5e-11
w 320 304 400 304 0
w 320 304 224 304 0
p 960 512 960 576 3 0 2
v 224 304 224 576 0 1 50 1 0 0 0.5
p 80 304 80 576 3 0 2
w 80 304 224 304 0
w 80 576 224 576 0
w 512 432 592 432 0
d 512 320 512 432 2 default
r 320 304 320 576 0 22
r 816 448 816 512 0 10000
w 736 448 816 448 0
w 224 576 320 576 0
w 592 576 816 576 0
a 400 320 512 320 9 5 -5 1000000 1.9823597064226193 0 100000
w 320 576 400 576 0
w 400 576 512 576 0
a 640 448 736 448 9 5 -5 1000000 4.990744940310354 4.990794847759758 100000
w 640 464 640 496 0
w 640 496 736 496 0
w 736 496 736 448 0
r 816 512 816 576 0 33000
w 816 512 880 512 0
w 816 576 880 576 0
p 592 432 592 576 3 0 2
w 592 432 640 432 0
w 592 576 512 576 0
w 400 432 400 336 0
r 400 576 400 432 0 33000
r 400 432 512 432 0 100000
209 880 512 880 576 0 0.000009999999999999999 3.070972966325385 0 1
w 880 512 960 512 0
w 880 576 960 576 0
209 512 432 512 576 0 0.000009999999999999999 4.001218737978395 0 1
o 4 64 0 12290 4.030168896485939 0.0001 0 3 24 0 2 0
